time: 2000000000
128 1 1
128 2 1
128 3 1
128 4 1
128 5 1
128 6 1
128 7 1
128 8 1
128 9 1
128 10 1
128 11 1
128 12 1
128 13 1
128 14 1
128 15 1
128 16 1
128 17 1
128 18 1
128 19 1
128 20 1
128 21 1
128 22 1
128 23 1
128 24 1
128 25 1
128 26 1
128 27 1
128 28 1
128 29 1
128 30 1
128 31 1
128 32 1
128 33 1
128 34 1
128 35 1
128 36 1
128 37 1
128 38 1
128 39 1
128 40 1
128 41 1
128 42 1
128 43 1
128 44 1
128 45 1
128 46 1
128 47 1
128 48 1
128 49 1
128 50 1
128 51 1
128 52 1
128 53 1
128 54 1
128 55 1
128 56 1
128 57 1
128 58 1
128 59 1
128 60 1
128 61 1
128 62 1
128 63 1
128 64 1
128 65 1
129 1 1
129 2 1
129 3 1
129 4 1
129 5 1
129 6 1
129 7 1
129 8 1
129 9 1
129 10 1
129 11 1
129 12 1
129 13 1
129 14 1
129 15 1
129 16 1
129 17 1
129 18 1
129 19 1
129 20 1
129 21 1
129 22 1
129 23 1
129 24 1
129 25 1
129 26 1
129 27 1
129 28 1
129 29 1
129 30 1
129 31 1
129 32 1
129 33 1
129 34 1
129 35 1
129 36 1
129 37 1
129 38 1
129 39 1
129 40 1
129 41 1
129 42 1
129 43 1
129 44 1
129 45 1
129 46 1
129 47 1
129 48 1
129 49 1
129 50 1
129 51 1
129 52 1
129 53 1
129 54 1
129 55 1
129 56 1
129 57 1
129 58 1
129 59 1
129 60 1
129 61 1
129 62 1
129 63 1
129 64 1
129 65 1
time: 2100000000
128 1 1000001
128 2 1000001
128 3 1000001
128 4 1000001
128 5 1000001
128 6 1000001
128 7 1000001
128 8 1000001
128 9 1000001
128 10 1000001
128 11 1000001
128 12 1000001
128 13 1000001
128 14 1000001
128 15 1000001
128 16 1000001
128 17 1000001
128 18 1000001
128 19 1000001
128 20 1000001
128 21 1000001
128 22 1000001
128 23 1000001
128 24 1000001
128 25 1000001
128 26 1000001
128 27 1000001
128 28 1000001
128 29 1000001
128 30 1000001
128 31 1000001
128 32 1000001
128 33 1000001
128 34 1000001
128 35 1000001
128 36 1000001
128 37 1000001
128 38 1000001
128 39 1000001
128 40 1000001
128 41 1000001
128 42 1000001
128 43 1000001
128 44 1000001
128 45 1000001
128 46 1000001
128 47 1000001
128 48 1000001
128 49 1000001
128 50 1000001
128 51 1000001
128 52 1000001
128 53 1000001
128 54 1000001
128 55 1000001
128 56 1000001
128 57 1000001
128 58 1000001
128 59 1000001
128 60 1000001
128 61 1000001
128 62 1000001
128 63 1000001
128 64 1000001
128 65 1000001
129 1 1000001
129 2 1000001
129 3 1000001
129 4 1000001
129 5 1000001
129 6 1000001
129 7 1000001
129 8 1000001
129 9 1000001
129 10 1000001
129 11 1000001
129 12 1000001
129 13 1000001
129 14 1000001
129 15 1000001
129 16 1000001
129 17 1000001
129 18 1000001
129 19 1000001
129 20 1000001
129 21 1000001
129 22 1000001
129 23 1000001
129 24 1000001
129 25 1000001
129 26 1000001
129 27 1000001
129 28 1000001
129 29 1000001
129 30 1000001
129 31 1000001
129 32 1000001
129 33 1000001
129 34 1000001
129 35 1000001
129 36 1000001
129 37 1000001
129 38 1000001
129 39 1000001
129 40 1000001
129 41 1000001
129 42 1000001
129 43 1000001
129 44 1000001
129 45 1000001
129 46 1000001
129 47 1000001
129 48 1000001
129 49 1000001
129 50 1000001
129 51 1000001
129 52 1000001
129 53 1000001
129 54 1000001
129 55 1000001
129 56 1000001
129 57 1000001
129 58 1000001
129 59 1000001
129 60 1000001
129 61 1000001
129 62 1000001
129 63 1000001
129 64 1000001
129 65 1000001
time: 2200000000
128 1 2000001
128 2 2000001
128 3 2000001
128 4 2000001
128 5 2000001
128 6 2000001
128 7 2000001
128 8 2000001
128 9 2000001
128 10 2000001
128 11 2000001
128 12 2000001
128 13 2000001
128 14 2000001
128 15 2000001
128 16 2000001
128 17 2000001
128 18 2000001
128 19 2000001
128 20 2000001
128 21 2000001
128 22 2000001
128 23 2000001
128 24 2000001
128 25 2000001
128 26 2000001
128 27 2000001
128 28 2000001
128 29 2000001
128 30 2000001
128 31 2000001
128 32 2000001
128 33 2000001
128 34 2000001
128 35 2000001
128 36 2000001
128 37 2000001
128 38 2000001
128 39 2000001
128 40 2000001
128 41 2000001
128 42 2000001
128 43 2000001
128 44 2000001
128 45 2000001
128 46 2000001
128 47 2000001
128 48 2000001
128 49 2000001
128 50 2000001
128 51 2000001
128 52 2000001
128 53 2000001
128 54 2000001
128 55 2000001
128 56 2000001
128 57 2000001
128 58 2000001
128 59 2000001
128 60 2000001
128 61 2000001
128 62 2000001
128 63 2000001
128 64 2000001
128 65 2000001
129 1 2000001
129 2 2000001
129 3 2000001
129 4 2000001
129 5 2000001
129 6 2000001
129 7 2000001
129 8 2000001
129 9 2000001
129 10 2000001
129 11 2000001
129 12 2000001
129 13 2000001
129 14 2000001
129 15 2000001
129 16 2000001
129 17 2000001
129 18 2000001
129 19 2000001
129 20 2000001
129 21 2000001
129 22 2000001
129 23 2000001
129 24 2000001
129 25 2000001
129 26 2000001
129 27 2000001
129 28 2000001
129 29 2000001
129 30 2000001
129 31 2000001
129 32 2000001
129 33 2000001
129 34 2000001
129 35 2000001
129 36 2000001
129 37 2000001
129 38 2000001
129 39 2000001
129 40 2000001
129 41 2000001
129 42 2000001
129 43 2000001
129 44 2000001
129 45 2000001
129 46 2000001
129 47 2000001
129 48 2000001
129 49 2000001
129 50 2000001
129 51 2000001
129 52 2000001
129 53 2000001
129 54 2000001
129 55 2000001
129 56 2000001
129 57 2000001
129 58 2000001
129 59 2000001
129 60 2000001
129 61 2000001
129 62 2000001
129 63 2000001
129 64 2000001
129 65 2000001
time: 2300000000
128 1 3000001
128 2 3000001
128 3 3000001
128 4 3000001
128 5 3000001
128 6 3000001
128 7 3000001
128 8 3000001
128 9 3000001
128 10 3000001
128 11 3000001
128 12 3000001
128 13 3000001
128 14 3000001
128 15 3000001
128 16 3000001
128 17 3000001
128 18 3000001
128 19 3000001
128 20 3000001
128 21 3000001
128 22 3000001
128 23 3000001
128 24 3000001
128 25 3000001
128 26 3000001
128 27 3000001
128 28 3000001
128 29 3000001
128 30 3000001
128 31 3000001
128 32 3000001
128 33 3000001
128 34 3000001
128 35 3000001
128 36 3000001
128 37 3000001
128 38 3000001
128 39 3000001
128 40 3000001
128 41 3000001
128 42 3000001
128 43 3000001
128 44 3000001
128 45 3000001
128 46 3000001
128 47 3000001
128 48 3000001
128 49 3000001
128 50 3000001
128 51 3000001
128 52 3000001
128 53 3000001
128 54 3000001
128 55 3000001
128 56 3000001
128 57 3000001
128 58 3000001
128 59 3000001
128 60 3000001
128 61 3000001
128 62 3000001
128 63 3000001
128 64 3000001
128 65 3000001
129 1 3000001
129 2 3000001
129 3 3000001
129 4 3000001
129 5 3000001
129 6 3000001
129 7 3000001
129 8 3000001
129 9 3000001
129 10 3000001
129 11 3000001
129 12 3000001
129 13 3000001
129 14 3000001
129 15 3000001
129 16 3000001
129 17 3000001
129 18 3000001
129 19 3000001
129 20 3000001
129 21 3000001
129 22 3000001
129 23 3000001
129 24 3000001
129 25 3000001
129 26 3000001
129 27 3000001
129 28 3000001
129 29 3000001
129 30 3000001
129 31 3000001
129 32 3000001
129 33 3000001
129 34 3000001
129 35 3000001
129 36 3000001
129 37 3000001
129 38 3000001
129 39 3000001
129 40 3000001
129 41 3000001
129 42 3000001
129 43 3000001
129 44 3000001
129 45 3000001
129 46 3000001
129 47 3000001
129 48 3000001
129 49 3000001
129 50 3000001
129 51 3000001
129 52 3000001
129 53 3000001
129 54 3000001
129 55 3000001
129 56 3000001
129 57 3000001
129 58 3000001
129 59 3000001
129 60 3000001
129 61 3000001
129 62 3000001
129 63 3000001
129 64 3000001
129 65 3000001
time: 2400000000
128 1 4000001
128 2 4000001
128 3 4000001
128 4 4000001
128 5 4000001
128 6 4000001
128 7 4000001
128 8 4000001
128 9 4000001
128 10 4000001
128 11 4000001
128 12 4000001
128 13 4000001
128 14 4000001
128 15 4000001
128 16 4000001
128 17 4000001
128 18 4000001
128 19 4000001
128 20 4000001
128 21 4000001
128 22 4000001
128 23 4000001
128 24 4000001
128 25 4000001
128 26 4000001
128 27 4000001
128 28 4000001
128 29 4000001
128 30 4000001
128 31 4000001
128 32 4000001
128 33 4000001
128 34 4000001
128 35 4000001
128 36 4000001
128 37 4000001
128 38 4000001
128 39 4000001
128 40 4000001
128 41 4000001
128 42 4000001
128 43 4000001
128 44 4000001
128 45 4000001
128 46 4000001
128 47 4000001
128 48 4000001
128 49 4000001
128 50 4000001
128 51 4000001
128 52 4000001
128 53 4000001
128 54 4000001
128 55 4000001
128 56 4000001
128 57 4000001
128 58 4000001
128 59 4000001
128 60 4000001
128 61 4000001
128 62 4000001
128 63 4000001
128 64 4000001
128 65 4000001
129 1 4000001
129 2 4000001
129 3 4000001
129 4 4000001
129 5 4000001
129 6 4000001
129 7 4000001
129 8 4000001
129 9 4000001
129 10 4000001
129 11 4000001
129 12 4000001
129 13 4000001
129 14 4000001
129 15 4000001
129 16 4000001
129 17 4000001
129 18 4000001
129 19 4000001
129 20 4000001
129 21 4000001
129 22 4000001
129 23 4000001
129 24 4000001
129 25 4000001
129 26 4000001
129 27 4000001
129 28 4000001
129 29 4000001
129 30 4000001
129 31 4000001
129 32 4000001
129 33 4000001
129 34 4000001
129 35 4000001
129 36 4000001
129 37 4000001
129 38 4000001
129 39 4000001
129 40 4000001
129 41 4000001
129 42 4000001
129 43 4000001
129 44 4000001
129 45 4000001
129 46 4000001
129 47 4000001
129 48 4000001
129 49 4000001
129 50 4000001
129 51 4000001
129 52 4000001
129 53 4000001
129 54 4000001
129 55 4000001
129 56 4000001
129 57 4000001
129 58 4000001
129 59 4000001
129 60 4000001
129 61 4000001
129 62 4000001
129 63 4000001
129 64 4000001
129 65 4000001
time: 2500000000
128 1 5000001
128 2 5000001
128 3 5000001
128 4 5000001
128 5 5000001
128 6 5000001
128 7 5000001
128 8 5000001
128 9 5000001
128 10 5000001
128 11 5000001
128 12 5000001
128 13 5000001
128 14 5000001
128 15 5000001
128 16 5000001
128 17 5000001
128 18 5000001
128 19 5000001
128 20 5000001
128 21 5000001
128 22 5000001
128 23 5000001
128 24 5000001
128 25 5000001
128 26 5000001
128 27 5000001
128 28 5000001
128 29 5000001
128 30 5000001
128 31 5000001
128 32 5000001
128 33 5000001
128 34 5000001
128 35 5000001
128 36 5000001
128 37 5000001
128 38 5000001
128 39 5000001
128 40 5000001
128 41 5000001
128 42 5000001
128 43 5000001
128 44 5000001
128 45 5000001
128 46 5000001
128 47 5000001
128 48 5000001
128 49 5000001
128 50 5000001
128 51 5000001
128 52 5000001
128 53 5000001
128 54 5000001
128 55 5000001
128 56 5000001
128 57 5000001
128 58 5000001
128 59 5000001
128 60 5000001
128 61 5000001
128 62 5000001
128 63 5000001
128 64 5000001
128 65 5000001
129 1 5000001
129 2 5000001
129 3 5000001
129 4 5000001
129 5 5000001
129 6 5000001
129 7 5000001
129 8 5000001
129 9 5000001
129 10 5000001
129 11 5000001
129 12 5000001
129 13 5000001
129 14 5000001
129 15 5000001
129 16 5000001
129 17 5000001
129 18 5000001
129 19 5000001
129 20 5000001
129 21 5000001
129 22 5000001
129 23 5000001
129 24 5000001
129 25 5000001
129 26 5000001
129 27 5000001
129 28 5000001
129 29 5000001
129 30 5000001
129 31 5000001
129 32 5000001
129 33 5000001
129 34 5000001
129 35 5000001
129 36 5000001
129 37 5000001
129 38 5000001
129 39 5000001
129 40 5000001
129 41 5000001
129 42 5000001
129 43 5000001
129 44 5000001
129 45 5000001
129 46 5000001
129 47 5000001
129 48 5000001
129 49 5000001
129 50 5000001
129 51 5000001
129 52 5000001
129 53 5000001
129 54 5000001
129 55 5000001
129 56 5000001
129 57 5000001
129 58 5000001
129 59 5000001
129 60 5000001
129 61 5000001
129 62 5000001
129 63 5000001
129 64 5000001
129 65 5000001
time: 2600000000
128 1 6000001
128 2 6000001
128 3 6000001
128 4 6000001
128 5 6000001
128 6 6000001
128 7 6000001
128 8 6000001
128 9 6000001
128 10 6000001
128 11 6000001
128 12 6000001
128 13 6000001
128 14 6000001
128 15 6000001
128 16 6000001
128 17 6000001
128 18 6000001
128 19 6000001
128 20 6000001
128 21 6000001
128 22 6000001
128 23 6000001
128 24 6000001
128 25 6000001
128 26 6000001
128 27 6000001
128 28 6000001
128 29 6000001
128 30 6000001
128 31 6000001
128 32 6000001
128 33 6000001
128 34 6000001
128 35 6000001
128 36 6000001
128 37 6000001
128 38 6000001
128 39 6000001
128 40 6000001
128 41 6000001
128 42 6000001
128 43 6000001
128 44 6000001
128 45 6000001
128 46 6000001
128 47 6000001
128 48 6000001
128 49 6000001
128 50 6000001
128 51 6000001
128 52 6000001
128 53 6000001
128 54 6000001
128 55 6000001
128 56 6000001
128 57 6000001
128 58 6000001
128 59 6000001
128 60 6000001
128 61 6000001
128 62 6000001
128 63 6000001
128 64 6000001
128 65 6000001
129 1 6000001
129 2 6000001
129 3 6000001
129 4 6000001
129 5 6000001
129 6 6000001
129 7 6000001
129 8 6000001
129 9 6000001
129 10 6000001
129 11 6000001
129 12 6000001
129 13 6000001
129 14 6000001
129 15 6000001
129 16 6000001
129 17 6000001
129 18 6000001
129 19 6000001
129 20 6000001
129 21 6000001
129 22 6000001
129 23 6000001
129 24 6000001
129 25 6000001
129 26 6000001
129 27 6000001
129 28 6000001
129 29 6000001
129 30 6000001
129 31 6000001
129 32 6000001
129 33 6000001
129 34 6000001
129 35 6000001
129 36 6000001
129 37 6000001
129 38 6000001
129 39 6000001
129 40 6000001
129 41 6000001
129 42 6000001
129 43 6000001
129 44 6000001
129 45 6000001
129 46 6000001
129 47 6000001
129 48 6000001
129 49 6000001
129 50 6000001
129 51 6000001
129 52 6000001
129 53 6000001
129 54 6000001
129 55 6000001
129 56 6000001
129 57 6000001
129 58 6000001
129 59 6000001
129 60 6000001
129 61 6000001
129 62 6000001
129 63 6000001
129 64 6000001
129 65 6000001
time: 2700000000
128 1 7000001
128 2 7000001
128 3 7000001
128 4 7000001
128 5 7000001
128 6 7000001
128 7 7000001
128 8 7000001
128 9 7000001
128 10 7000001
128 11 7000001
128 12 7000001
128 13 7000001
128 14 7000001
128 15 7000001
128 16 7000001
128 17 7000001
128 18 7000001
128 19 7000001
128 20 7000001
128 21 7000001
128 22 7000001
128 23 7000001
128 24 7000001
128 25 7000001
128 26 7000001
128 27 7000001
128 28 7000001
128 29 7000001
128 30 7000001
128 31 7000001
128 32 7000001
128 33 7000001
128 34 7000001
128 35 7000001
128 36 7000001
128 37 7000001
128 38 7000001
128 39 7000001
128 40 7000001
128 41 7000001
128 42 7000001
128 43 7000001
128 44 7000001
128 45 7000001
128 46 7000001
128 47 7000001
128 48 7000001
128 49 7000001
128 50 7000001
128 51 7000001
128 52 7000001
128 53 7000001
128 54 7000001
128 55 7000001
128 56 7000001
128 57 7000001
128 58 7000001
128 59 7000001
128 60 7000001
128 61 7000001
128 62 7000001
128 63 7000001
128 64 7000001
128 65 7000001
129 1 7000001
129 2 7000001
129 3 7000001
129 4 7000001
129 5 7000001
129 6 7000001
129 7 7000001
129 8 7000001
129 9 7000001
129 10 7000001
129 11 7000001
129 12 7000001
129 13 7000001
129 14 7000001
129 15 7000001
129 16 7000001
129 17 7000001
129 18 7000001
129 19 7000001
129 20 7000001
129 21 7000001
129 22 7000001
129 23 7000001
129 24 7000001
129 25 7000001
129 26 7000001
129 27 7000001
129 28 7000001
129 29 7000001
129 30 7000001
129 31 7000001
129 32 7000001
129 33 7000001
129 34 7000001
129 35 7000001
129 36 7000001
129 37 7000001
129 38 7000001
129 39 7000001
129 40 7000001
129 41 7000001
129 42 7000001
129 43 7000001
129 44 7000001
129 45 7000001
129 46 7000001
129 47 7000001
129 48 7000001
129 49 7000001
129 50 7000001
129 51 7000001
129 52 7000001
129 53 7000001
129 54 7000001
129 55 7000001
129 56 7000001
129 57 7000001
129 58 7000001
129 59 7000001
129 60 7000001
129 61 7000001
129 62 7000001
129 63 7000001
129 64 7000001
129 65 7000001
time: 2800000000
128 1 8000001
128 2 8000001
128 3 8000001
128 4 8000001
128 5 8000001
128 6 8000001
128 7 8000001
128 8 8000001
128 9 8000001
128 10 8000001
128 11 8000001
128 12 8000001
128 13 8000001
128 14 8000001
128 15 8000001
128 16 8000001
128 17 8000001
128 18 8000001
128 19 8000001
128 20 8000001
128 21 8000001
128 22 8000001
128 23 8000001
128 24 8000001
128 25 8000001
128 26 8000001
128 27 8000001
128 28 8000001
128 29 8000001
128 30 8000001
128 31 8000001
128 32 8000001
128 33 8000001
128 34 8000001
128 35 8000001
128 36 8000001
128 37 8000001
128 38 8000001
128 39 8000001
128 40 8000001
128 41 8000001
128 42 8000001
128 43 8000001
128 44 8000001
128 45 8000001
128 46 8000001
128 47 8000001
128 48 8000001
128 49 8000001
128 50 8000001
128 51 8000001
128 52 8000001
128 53 8000001
128 54 8000001
128 55 8000001
128 56 8000001
128 57 8000001
128 58 8000001
128 59 8000001
128 60 8000001
128 61 8000001
128 62 8000001
128 63 8000001
128 64 8000001
128 65 8000001
129 1 8000001
129 2 8000001
129 3 8000001
129 4 8000001
129 5 8000001
129 6 8000001
129 7 8000001
129 8 8000001
129 9 8000001
129 10 8000001
129 11 8000001
129 12 8000001
129 13 8000001
129 14 8000001
129 15 8000001
129 16 8000001
129 17 8000001
129 18 8000001
129 19 8000001
129 20 8000001
129 21 8000001
129 22 8000001
129 23 8000001
129 24 8000001
129 25 8000001
129 26 8000001
129 27 8000001
129 28 8000001
129 29 8000001
129 30 8000001
129 31 8000001
129 32 8000001
129 33 8000001
129 34 8000001
129 35 8000001
129 36 8000001
129 37 8000001
129 38 8000001
129 39 8000001
129 40 8000001
129 41 8000001
129 42 8000001
129 43 8000001
129 44 8000001
129 45 8000001
129 46 8000001
129 47 8000001
129 48 8000001
129 49 8000001
129 50 8000001
129 51 8000001
129 52 8000001
129 53 8000001
129 54 8000001
129 55 8000001
129 56 8000001
129 57 8000001
129 58 8000001
129 59 8000001
129 60 8000001
129 61 8000001
129 62 8000001
129 63 8000001
129 64 8000001
129 65 8000001
time: 2900000000
128 1 9000001
128 2 9000001
128 3 9000001
128 4 9000001
128 5 9000001
128 6 9000001
128 7 9000001
128 8 9000001
128 9 9000001
128 10 9000001
128 11 9000001
128 12 9000001
128 13 9000001
128 14 9000001
128 15 9000001
128 16 9000001
128 17 9000001
128 18 9000001
128 19 9000001
128 20 9000001
128 21 9000001
128 22 9000001
128 23 9000001
128 24 9000001
128 25 9000001
128 26 9000001
128 27 9000001
128 28 9000001
128 29 9000001
128 30 9000001
128 31 9000001
128 32 9000001
128 33 9000001
128 34 9000001
128 35 9000001
128 36 9000001
128 37 9000001
128 38 9000001
128 39 9000001
128 40 9000001
128 41 9000001
128 42 9000001
128 43 9000001
128 44 9000001
128 45 9000001
128 46 9000001
128 47 9000001
128 48 9000001
128 49 9000001
128 50 9000001
128 51 9000001
128 52 9000001
128 53 9000001
128 54 9000001
128 55 9000001
128 56 9000001
128 57 9000001
128 58 9000001
128 59 9000001
128 60 9000001
128 61 9000001
128 62 9000001
128 63 9000001
128 64 9000001
128 65 9000001
129 1 9000001
129 2 9000001
129 3 9000001
129 4 9000001
129 5 9000001
129 6 9000001
129 7 9000001
129 8 9000001
129 9 9000001
129 10 9000001
129 11 9000001
129 12 9000001
129 13 9000001
129 14 9000001
129 15 9000001
129 16 9000001
129 17 9000001
129 18 9000001
129 19 9000001
129 20 9000001
129 21 9000001
129 22 9000001
129 23 9000001
129 24 9000001
129 25 9000001
129 26 9000001
129 27 9000001
129 28 9000001
129 29 9000001
129 30 9000001
129 31 9000001
129 32 9000001
129 33 9000001
129 34 9000001
129 35 9000001
129 36 9000001
129 37 9000001
129 38 9000001
129 39 9000001
129 40 9000001
129 41 9000001
129 42 9000001
129 43 9000001
129 44 9000001
129 45 9000001
129 46 9000001
129 47 9000001
129 48 9000001
129 49 9000001
129 50 9000001
129 51 9000001
129 52 9000001
129 53 9000001
129 54 9000001
129 55 9000001
129 56 9000001
129 57 9000001
129 58 9000001
129 59 9000001
129 60 9000001
129 61 9000001
129 62 9000001
129 63 9000001
129 64 9000001
129 65 9000001
time: 3000000000
128 1 10000001
128 2 10000001
128 3 10000001
128 4 10000001
128 5 10000001
128 6 10000001
128 7 10000001
128 8 10000001
128 9 10000001
128 10 10000001
128 11 10000001
128 12 10000001
128 13 10000001
128 14 10000001
128 15 10000001
128 16 10000001
128 17 10000001
128 18 10000001
128 19 10000001
128 20 10000001
128 21 10000001
128 22 10000001
128 23 10000001
128 24 10000001
128 25 10000001
128 26 10000001
128 27 10000001
128 28 10000001
128 29 10000001
128 30 10000001
128 31 10000001
128 32 10000001
128 33 10000001
128 34 10000001
128 35 10000001
128 36 10000001
128 37 10000001
128 38 10000001
128 39 10000001
128 40 10000001
128 41 10000001
128 42 10000001
128 43 10000001
128 44 10000001
128 45 10000001
128 46 10000001
128 47 10000001
128 48 10000001
128 49 10000001
128 50 10000001
128 51 10000001
128 52 10000001
128 53 10000001
128 54 10000001
128 55 10000001
128 56 10000001
128 57 10000001
128 58 10000001
128 59 10000001
128 60 10000001
128 61 10000001
128 62 10000001
128 63 10000001
128 64 10000001
128 65 10000001
129 1 10000001
129 2 10000001
129 3 10000001
129 4 10000001
129 5 10000001
129 6 10000001
129 7 10000001
129 8 10000001
129 9 10000001
129 10 10000001
129 11 10000001
129 12 10000001
129 13 10000001
129 14 10000001
129 15 10000001
129 16 10000001
129 17 10000001
129 18 10000001
129 19 10000001
129 20 10000001
129 21 10000001
129 22 10000001
129 23 10000001
129 24 10000001
129 25 10000001
129 26 10000001
129 27 10000001
129 28 10000001
129 29 10000001
129 30 10000001
129 31 10000001
129 32 10000001
129 33 10000001
129 34 10000001
129 35 10000001
129 36 10000001
129 37 10000001
129 38 10000001
129 39 10000001
129 40 10000001
129 41 10000001
129 42 10000001
129 43 10000001
129 44 10000001
129 45 10000001
129 46 10000001
129 47 10000001
129 48 10000001
129 49 10000001
129 50 10000001
129 51 10000001
129 52 10000001
129 53 10000001
129 54 10000001
129 55 10000001
129 56 10000001
129 57 10000001
129 58 10000001
129 59 10000001
129 60 10000001
129 61 10000001
129 62 10000001
129 63 10000001
129 64 10000001
129 65 10000001
